

function linedata = linedata6()     

%         |  From |  To   |   R   |   X   |    
%         |  Bus  | Bus   |       |       |       
linedata = [ 1      2       0.10    0.20     ;
             1      4       0.05    0.20     ;
             1      5       0.08    0.30     ;
             2      3       0.05    0.25     ;
             2      4       0.05    0.10     ;
             2      5       0.10    0.30     ;
             2      6       0.07    0.20     ;
             3      5       0.12    0.26     ;
             3      6       0.02    0.10     ;
             4      5       0.20    0.40     ;
             5      6       0.10    0.30     ;];
